Channels:
 - conda-forge
 - defaults
 - anaconda
Platform: linux-64
Collecting package metadata (repodata.json): ...working... done
Solving environment: ...working... done

# All requested packages already installed.

x = [-0.9931285991850949, -0.9639719272779138, -0.912234428251326, -0.8391169718222189, -0.7463319064601508, -0.636053680726515, -0.5108670019508271, -0.37370608871541955, -0.2277858511416451, -0.07652652113349734, 0.07652652113349734, 0.2277858511416451, 0.37370608871541955, 0.5108670019508271, 0.636053680726515, 0.7463319064601508, 0.8391169718222189, 0.912234428251326, 0.9639719272779138, 0.9931285991850949]
w = [0.017614007139152264, 0.04060142980038705, 0.06267204833410904, 0.08327674157670474, 0.10193011981724048, 0.11819453196151831, 0.1316886384491766, 0.1420961093183819, 0.14917298647260382, 0.15275338713072598, 0.15275338713072598, 0.14917298647260382, 0.1420961093183819, 0.1316886384491766, 0.11819453196151831, 0.10193011981724048, 0.08327674157670474, 0.06267204833410904, 0.04060142980038705, 0.017614007139152264]
sum =  {0.7357588823428851}
Relative error = {6.035798146750804e-16}
x = [-0.9931285991850949, -0.9639719272779138, -0.912234428251326, -0.8391169718222189, -0.7463319064601508, -0.636053680726515, -0.5108670019508271, -0.37370608871541955, -0.2277858511416451, -0.07652652113349734, 0.07652652113349734, 0.2277858511416451, 0.37370608871541955, 0.5108670019508271, 0.636053680726515, 0.7463319064601508, 0.8391169718222189, 0.912234428251326, 0.9639719272779138, 0.9931285991850949]
w = [0.017614007139152264, 0.04060142980038705, 0.06267204833410904, 0.08327674157670474, 0.10193011981724048, 0.11819453196151831, 0.1316886384491766, 0.1420961093183819, 0.14917298647260382, 0.15275338713072598, 0.15275338713072598, 0.14917298647260382, 0.1420961093183819, 0.1316886384491766, 0.11819453196151831, 0.10193011981724048, 0.08327674157670474, 0.06267204833410904, 0.04060142980038705, 0.017614007139152264]
sum =  {0.7357588823428851}
Relative error = {6.035798146750804e-16}
x = [-0.9931285991850949, -0.9639719272779138, -0.912234428251326, -0.8391169718222189, -0.7463319064601508, -0.636053680726515, -0.5108670019508271, -0.37370608871541955, -0.2277858511416451, -0.07652652113349734, 0.07652652113349734, 0.2277858511416451, 0.37370608871541955, 0.5108670019508271, 0.636053680726515, 0.7463319064601508, 0.8391169718222189, 0.912234428251326, 0.9639719272779138, 0.9931285991850949]
w = [0.017614007139152264, 0.04060142980038705, 0.06267204833410904, 0.08327674157670474, 0.10193011981724048, 0.11819453196151831, 0.1316886384491766, 0.1420961093183819, 0.14917298647260382, 0.15275338713072598, 0.15275338713072598, 0.14917298647260382, 0.1420961093183819, 0.1316886384491766, 0.11819453196151831, 0.10193011981724048, 0.08327674157670474, 0.06267204833410904, 0.04060142980038705, 0.017614007139152264]
sum =  {0.7357588823428851}
Relative error = {6.035798146750804e-16}
x = [-0.9931285991850949, -0.9639719272779138, -0.912234428251326, -0.8391169718222189, -0.7463319064601508, -0.636053680726515, -0.5108670019508271, -0.37370608871541955, -0.2277858511416451, -0.07652652113349734, 0.07652652113349734, 0.2277858511416451, 0.37370608871541955, 0.5108670019508271, 0.636053680726515, 0.7463319064601508, 0.8391169718222189, 0.912234428251326, 0.9639719272779138, 0.9931285991850949]
w = [0.017614007139152264, 0.04060142980038705, 0.06267204833410904, 0.08327674157670474, 0.10193011981724048, 0.11819453196151831, 0.1316886384491766, 0.1420961093183819, 0.14917298647260382, 0.15275338713072598, 0.15275338713072598, 0.14917298647260382, 0.1420961093183819, 0.1316886384491766, 0.11819453196151831, 0.10193011981724048, 0.08327674157670474, 0.06267204833410904, 0.04060142980038705, 0.017614007139152264]
sum =  {0.7357588823428851}
Relative error = {6.035798146750804e-16}
x = [-0.9931285991850949, -0.9639719272779138, -0.912234428251326, -0.8391169718222189, -0.7463319064601508, -0.636053680726515, -0.5108670019508271, -0.37370608871541955, -0.2277858511416451, -0.07652652113349734, 0.07652652113349734, 0.2277858511416451, 0.37370608871541955, 0.5108670019508271, 0.636053680726515, 0.7463319064601508, 0.8391169718222189, 0.912234428251326, 0.9639719272779138, 0.9931285991850949]
w = [0.017614007139152264, 0.04060142980038705, 0.06267204833410904, 0.08327674157670474, 0.10193011981724048, 0.11819453196151831, 0.1316886384491766, 0.1420961093183819, 0.14917298647260382, 0.15275338713072598, 0.15275338713072598, 0.14917298647260382, 0.1420961093183819, 0.1316886384491766, 0.11819453196151831, 0.10193011981724048, 0.08327674157670474, 0.06267204833410904, 0.04060142980038705, 0.017614007139152264]
sum =  {0.7357588823428851}
Relative error = {6.035798146750804e-16}
x = [-0.9931285991850949, -0.9639719272779138, -0.912234428251326, -0.8391169718222189, -0.7463319064601508, -0.636053680726515, -0.5108670019508271, -0.37370608871541955, -0.2277858511416451, -0.07652652113349734, 0.07652652113349734, 0.2277858511416451, 0.37370608871541955, 0.5108670019508271, 0.636053680726515, 0.7463319064601508, 0.8391169718222189, 0.912234428251326, 0.9639719272779138, 0.9931285991850949]
w = [0.017614007139152264, 0.04060142980038705, 0.06267204833410904, 0.08327674157670474, 0.10193011981724048, 0.11819453196151831, 0.1316886384491766, 0.1420961093183819, 0.14917298647260382, 0.15275338713072598, 0.15275338713072598, 0.14917298647260382, 0.1420961093183819, 0.1316886384491766, 0.11819453196151831, 0.10193011981724048, 0.08327674157670474, 0.06267204833410904, 0.04060142980038705, 0.017614007139152264]
sum =  {0.7357588823428851}
Relative error = {6.035798146750804e-16}
x = [-0.9931285991850949, -0.9639719272779138, -0.912234428251326, -0.8391169718222189, -0.7463319064601508, -0.636053680726515, -0.5108670019508271, -0.37370608871541955, -0.2277858511416451, -0.07652652113349734, 0.07652652113349734, 0.2277858511416451, 0.37370608871541955, 0.5108670019508271, 0.636053680726515, 0.7463319064601508, 0.8391169718222189, 0.912234428251326, 0.9639719272779138, 0.9931285991850949]
w = [0.017614007139152264, 0.04060142980038705, 0.06267204833410904, 0.08327674157670474, 0.10193011981724048, 0.11819453196151831, 0.1316886384491766, 0.1420961093183819, 0.14917298647260382, 0.15275338713072598, 0.15275338713072598, 0.14917298647260382, 0.1420961093183819, 0.1316886384491766, 0.11819453196151831, 0.10193011981724048, 0.08327674157670474, 0.06267204833410904, 0.04060142980038705, 0.017614007139152264]
sum =  {0.7357588823428851}
Relative error = {6.035798146750804e-16}
x = [-0.9931285991850949, -0.9639719272779138, -0.912234428251326, -0.8391169718222189, -0.7463319064601508, -0.636053680726515, -0.5108670019508271, -0.37370608871541955, -0.2277858511416451, -0.07652652113349734, 0.07652652113349734, 0.2277858511416451, 0.37370608871541955, 0.5108670019508271, 0.636053680726515, 0.7463319064601508, 0.8391169718222189, 0.912234428251326, 0.9639719272779138, 0.9931285991850949]
w = [0.017614007139152264, 0.04060142980038705, 0.06267204833410904, 0.08327674157670474, 0.10193011981724048, 0.11819453196151831, 0.1316886384491766, 0.1420961093183819, 0.14917298647260382, 0.15275338713072598, 0.15275338713072598, 0.14917298647260382, 0.1420961093183819, 0.1316886384491766, 0.11819453196151831, 0.10193011981724048, 0.08327674157670474, 0.06267204833410904, 0.04060142980038705, 0.017614007139152264]
sum =  {0.7357588823428851}
Relative error = {6.035798146750804e-16}
x = [-0.9931285991850949, -0.9639719272779138, -0.912234428251326, -0.8391169718222189, -0.7463319064601508, -0.636053680726515, -0.5108670019508271, -0.37370608871541955, -0.2277858511416451, -0.07652652113349734, 0.07652652113349734, 0.2277858511416451, 0.37370608871541955, 0.5108670019508271, 0.636053680726515, 0.7463319064601508, 0.8391169718222189, 0.912234428251326, 0.9639719272779138, 0.9931285991850949]
w = [0.017614007139152264, 0.04060142980038705, 0.06267204833410904, 0.08327674157670474, 0.10193011981724048, 0.11819453196151831, 0.1316886384491766, 0.1420961093183819, 0.14917298647260382, 0.15275338713072598, 0.15275338713072598, 0.14917298647260382, 0.1420961093183819, 0.1316886384491766, 0.11819453196151831, 0.10193011981724048, 0.08327674157670474, 0.06267204833410904, 0.04060142980038705, 0.017614007139152264]
sum =  {0.7357588823428851}
Relative error = {6.035798146750804e-16}
x = [-0.9931285991850949, -0.9639719272779138, -0.912234428251326, -0.8391169718222189, -0.7463319064601508, -0.636053680726515, -0.5108670019508271, -0.37370608871541955, -0.2277858511416451, -0.07652652113349734, 0.07652652113349734, 0.2277858511416451, 0.37370608871541955, 0.5108670019508271, 0.636053680726515, 0.7463319064601508, 0.8391169718222189, 0.912234428251326, 0.9639719272779138, 0.9931285991850949]
w = [0.017614007139152264, 0.04060142980038705, 0.06267204833410904, 0.08327674157670474, 0.10193011981724048, 0.11819453196151831, 0.1316886384491766, 0.1420961093183819, 0.14917298647260382, 0.15275338713072598, 0.15275338713072598, 0.14917298647260382, 0.1420961093183819, 0.1316886384491766, 0.11819453196151831, 0.10193011981724048, 0.08327674157670474, 0.06267204833410904, 0.04060142980038705, 0.017614007139152264]
sum =  {0.7357588823428851}
Relative error = {6.035798146750804e-16}
x = [-0.9931285991850949, -0.9639719272779138, -0.912234428251326, -0.8391169718222189, -0.7463319064601508, -0.636053680726515, -0.5108670019508271, -0.37370608871541955, -0.2277858511416451, -0.07652652113349734, 0.07652652113349734, 0.2277858511416451, 0.37370608871541955, 0.5108670019508271, 0.636053680726515, 0.7463319064601508, 0.8391169718222189, 0.912234428251326, 0.9639719272779138, 0.9931285991850949]
w = [0.017614007139152264, 0.04060142980038705, 0.06267204833410904, 0.08327674157670474, 0.10193011981724048, 0.11819453196151831, 0.1316886384491766, 0.1420961093183819, 0.14917298647260382, 0.15275338713072598, 0.15275338713072598, 0.14917298647260382, 0.1420961093183819, 0.1316886384491766, 0.11819453196151831, 0.10193011981724048, 0.08327674157670474, 0.06267204833410904, 0.04060142980038705, 0.017614007139152264]
sum =  {0.7357588823428851}
Relative error = {6.035798146750804e-16}
x = [-0.9931285991850949, -0.9639719272779138, -0.912234428251326, -0.8391169718222189, -0.7463319064601508, -0.636053680726515, -0.5108670019508271, -0.37370608871541955, -0.2277858511416451, -0.07652652113349734, 0.07652652113349734, 0.2277858511416451, 0.37370608871541955, 0.5108670019508271, 0.636053680726515, 0.7463319064601508, 0.8391169718222189, 0.912234428251326, 0.9639719272779138, 0.9931285991850949]
w = [0.017614007139152264, 0.04060142980038705, 0.06267204833410904, 0.08327674157670474, 0.10193011981724048, 0.11819453196151831, 0.1316886384491766, 0.1420961093183819, 0.14917298647260382, 0.15275338713072598, 0.15275338713072598, 0.14917298647260382, 0.1420961093183819, 0.1316886384491766, 0.11819453196151831, 0.10193011981724048, 0.08327674157670474, 0.06267204833410904, 0.04060142980038705, 0.017614007139152264]
sum =  {0.7357588823428851}
Relative error = {6.035798146750804e-16}
x = [-0.9931285991850949, -0.9639719272779138, -0.912234428251326, -0.8391169718222189, -0.7463319064601508, -0.636053680726515, -0.5108670019508271, -0.37370608871541955, -0.2277858511416451, -0.07652652113349734, 0.07652652113349734, 0.2277858511416451, 0.37370608871541955, 0.5108670019508271, 0.636053680726515, 0.7463319064601508, 0.8391169718222189, 0.912234428251326, 0.9639719272779138, 0.9931285991850949]
w = [0.017614007139152264, 0.04060142980038705, 0.06267204833410904, 0.08327674157670474, 0.10193011981724048, 0.11819453196151831, 0.1316886384491766, 0.1420961093183819, 0.14917298647260382, 0.15275338713072598, 0.15275338713072598, 0.14917298647260382, 0.1420961093183819, 0.1316886384491766, 0.11819453196151831, 0.10193011981724048, 0.08327674157670474, 0.06267204833410904, 0.04060142980038705, 0.017614007139152264]
sum =  {0.7357588823428851}
Relative error = {6.035798146750804e-16}
x = [-0.9931285991850949, -0.9639719272779138, -0.912234428251326, -0.8391169718222189, -0.7463319064601508, -0.636053680726515, -0.5108670019508271, -0.37370608871541955, -0.2277858511416451, -0.07652652113349734, 0.07652652113349734, 0.2277858511416451, 0.37370608871541955, 0.5108670019508271, 0.636053680726515, 0.7463319064601508, 0.8391169718222189, 0.912234428251326, 0.9639719272779138, 0.9931285991850949]
w = [0.017614007139152264, 0.04060142980038705, 0.06267204833410904, 0.08327674157670474, 0.10193011981724048, 0.11819453196151831, 0.1316886384491766, 0.1420961093183819, 0.14917298647260382, 0.15275338713072598, 0.15275338713072598, 0.14917298647260382, 0.1420961093183819, 0.1316886384491766, 0.11819453196151831, 0.10193011981724048, 0.08327674157670474, 0.06267204833410904, 0.04060142980038705, 0.017614007139152264]
sum =  {0.7357588823428851}
Relative error = {6.035798146750804e-16}
x = [-0.9931285991850949, -0.9639719272779138, -0.912234428251326, -0.8391169718222189, -0.7463319064601508, -0.636053680726515, -0.5108670019508271, -0.37370608871541955, -0.2277858511416451, -0.07652652113349734, 0.07652652113349734, 0.2277858511416451, 0.37370608871541955, 0.5108670019508271, 0.636053680726515, 0.7463319064601508, 0.8391169718222189, 0.912234428251326, 0.9639719272779138, 0.9931285991850949]
w = [0.017614007139152264, 0.04060142980038705, 0.06267204833410904, 0.08327674157670474, 0.10193011981724048, 0.11819453196151831, 0.1316886384491766, 0.1420961093183819, 0.14917298647260382, 0.15275338713072598, 0.15275338713072598, 0.14917298647260382, 0.1420961093183819, 0.1316886384491766, 0.11819453196151831, 0.10193011981724048, 0.08327674157670474, 0.06267204833410904, 0.04060142980038705, 0.017614007139152264]
sum =  {0.7357588823428851}
Relative error = {6.035798146750804e-16}
x = [-0.9931285991850949, -0.9639719272779138, -0.912234428251326, -0.8391169718222189, -0.7463319064601508, -0.636053680726515, -0.5108670019508271, -0.37370608871541955, -0.2277858511416451, -0.07652652113349734, 0.07652652113349734, 0.2277858511416451, 0.37370608871541955, 0.5108670019508271, 0.636053680726515, 0.7463319064601508, 0.8391169718222189, 0.912234428251326, 0.9639719272779138, 0.9931285991850949]
w = [0.017614007139152264, 0.04060142980038705, 0.06267204833410904, 0.08327674157670474, 0.10193011981724048, 0.11819453196151831, 0.1316886384491766, 0.1420961093183819, 0.14917298647260382, 0.15275338713072598, 0.15275338713072598, 0.14917298647260382, 0.1420961093183819, 0.1316886384491766, 0.11819453196151831, 0.10193011981724048, 0.08327674157670474, 0.06267204833410904, 0.04060142980038705, 0.017614007139152264]
sum =  {0.7357588823428851}
Relative error = {6.035798146750804e-16}
x = [-0.9931285991850949, -0.9639719272779138, -0.912234428251326, -0.8391169718222189, -0.7463319064601508, -0.636053680726515, -0.5108670019508271, -0.37370608871541955, -0.2277858511416451, -0.07652652113349734, 0.07652652113349734, 0.2277858511416451, 0.37370608871541955, 0.5108670019508271, 0.636053680726515, 0.7463319064601508, 0.8391169718222189, 0.912234428251326, 0.9639719272779138, 0.9931285991850949]
w = [0.017614007139152264, 0.04060142980038705, 0.06267204833410904, 0.08327674157670474, 0.10193011981724048, 0.11819453196151831, 0.1316886384491766, 0.1420961093183819, 0.14917298647260382, 0.15275338713072598, 0.15275338713072598, 0.14917298647260382, 0.1420961093183819, 0.1316886384491766, 0.11819453196151831, 0.10193011981724048, 0.08327674157670474, 0.06267204833410904, 0.04060142980038705, 0.017614007139152264]
sum =  {0.7357588823428851}
Relative error = {6.035798146750804e-16}
x = [-0.9931285991850949, -0.9639719272779138, -0.912234428251326, -0.8391169718222189, -0.7463319064601508, -0.636053680726515, -0.5108670019508271, -0.37370608871541955, -0.2277858511416451, -0.07652652113349734, 0.07652652113349734, 0.2277858511416451, 0.37370608871541955, 0.5108670019508271, 0.636053680726515, 0.7463319064601508, 0.8391169718222189, 0.912234428251326, 0.9639719272779138, 0.9931285991850949]
w = [0.017614007139152264, 0.04060142980038705, 0.06267204833410904, 0.08327674157670474, 0.10193011981724048, 0.11819453196151831, 0.1316886384491766, 0.1420961093183819, 0.14917298647260382, 0.15275338713072598, 0.15275338713072598, 0.14917298647260382, 0.1420961093183819, 0.1316886384491766, 0.11819453196151831, 0.10193011981724048, 0.08327674157670474, 0.06267204833410904, 0.04060142980038705, 0.017614007139152264]
sum =  {0.7357588823428851}
Relative error = {6.035798146750804e-16}
x = [-0.9931285991850949, -0.9639719272779138, -0.912234428251326, -0.8391169718222189, -0.7463319064601508, -0.636053680726515, -0.5108670019508271, -0.37370608871541955, -0.2277858511416451, -0.07652652113349734, 0.07652652113349734, 0.2277858511416451, 0.37370608871541955, 0.5108670019508271, 0.636053680726515, 0.7463319064601508, 0.8391169718222189, 0.912234428251326, 0.9639719272779138, 0.9931285991850949]
w = [0.017614007139152264, 0.04060142980038705, 0.06267204833410904, 0.08327674157670474, 0.10193011981724048, 0.11819453196151831, 0.1316886384491766, 0.1420961093183819, 0.14917298647260382, 0.15275338713072598, 0.15275338713072598, 0.14917298647260382, 0.1420961093183819, 0.1316886384491766, 0.11819453196151831, 0.10193011981724048, 0.08327674157670474, 0.06267204833410904, 0.04060142980038705, 0.017614007139152264]
sum =  {0.7357588823428851}
Relative error = {6.035798146750804e-16}
Quadrature no.	Integration Result	Percent error	Run time (s)
1	0.000000	100.000000	0.000031
2	0.704326	4.272184	0.000026
3	0.735362	0.053922	0.000045
4	0.735757	0.000323	0.000047
5	0.735759	0.000001	0.000059
6	0.735759	0.000000	0.000063
7	0.735759	0.000000	0.000078
8	0.735759	0.000000	0.000090
9	0.735759	0.000000	0.000105
10	0.735759	0.000000	0.000125
11	0.735759	0.000000	0.000176
12	0.735759	0.000000	0.000143
13	0.735759	0.000000	0.000153
14	0.735759	0.000000	0.000165
15	0.735759	0.000000	0.000107
16	0.735759	0.000000	0.000192
17	0.735759	0.000000	0.000198
18	0.735759	0.000000	0.000209
19	0.735759	0.000000	0.000164
20	0.735759	0.000000	0.000230
Total execution time: 0.012940 seconds
