Channels:
 - conda-forge
 - defaults
 - anaconda
Platform: linux-64
Collecting package metadata (repodata.json): ...working... done
Solving environment: ...working... done

# All requested packages already installed.

x = [-0.9931285991850949, -0.9639719272779138, -0.912234428251326, -0.8391169718222189, -0.7463319064601508, -0.636053680726515, -0.5108670019508271, -0.37370608871541955, -0.2277858511416451, -0.07652652113349734, 0.07652652113349734, 0.2277858511416451, 0.37370608871541955, 0.5108670019508271, 0.636053680726515, 0.7463319064601508, 0.8391169718222189, 0.912234428251326, 0.9639719272779138, 0.9931285991850949]
w = [0.017614007139152264, 0.04060142980038705, 0.06267204833410904, 0.08327674157670474, 0.10193011981724048, 0.11819453196151831, 0.1316886384491766, 0.1420961093183819, 0.14917298647260382, 0.15275338713072598, 0.15275338713072598, 0.14917298647260382, 0.1420961093183819, 0.1316886384491766, 0.11819453196151831, 0.10193011981724048, 0.08327674157670474, 0.06267204833410904, 0.04060142980038705, 0.017614007139152264]
sum =  {0.7357588823428851}
Relative error = {6.035798146750804e-16}
x = [-0.9931285991850949, -0.9639719272779138, -0.912234428251326, -0.8391169718222189, -0.7463319064601508, -0.636053680726515, -0.5108670019508271, -0.37370608871541955, -0.2277858511416451, -0.07652652113349734, 0.07652652113349734, 0.2277858511416451, 0.37370608871541955, 0.5108670019508271, 0.636053680726515, 0.7463319064601508, 0.8391169718222189, 0.912234428251326, 0.9639719272779138, 0.9931285991850949]
w = [0.017614007139152264, 0.04060142980038705, 0.06267204833410904, 0.08327674157670474, 0.10193011981724048, 0.11819453196151831, 0.1316886384491766, 0.1420961093183819, 0.14917298647260382, 0.15275338713072598, 0.15275338713072598, 0.14917298647260382, 0.1420961093183819, 0.1316886384491766, 0.11819453196151831, 0.10193011981724048, 0.08327674157670474, 0.06267204833410904, 0.04060142980038705, 0.017614007139152264]
sum =  {0.7357588823428851}
Relative error = {6.035798146750804e-16}
x = [-0.9931285991850949, -0.9639719272779138, -0.912234428251326, -0.8391169718222189, -0.7463319064601508, -0.636053680726515, -0.5108670019508271, -0.37370608871541955, -0.2277858511416451, -0.07652652113349734, 0.07652652113349734, 0.2277858511416451, 0.37370608871541955, 0.5108670019508271, 0.636053680726515, 0.7463319064601508, 0.8391169718222189, 0.912234428251326, 0.9639719272779138, 0.9931285991850949]
w = [0.017614007139152264, 0.04060142980038705, 0.06267204833410904, 0.08327674157670474, 0.10193011981724048, 0.11819453196151831, 0.1316886384491766, 0.1420961093183819, 0.14917298647260382, 0.15275338713072598, 0.15275338713072598, 0.14917298647260382, 0.1420961093183819, 0.1316886384491766, 0.11819453196151831, 0.10193011981724048, 0.08327674157670474, 0.06267204833410904, 0.04060142980038705, 0.017614007139152264]
sum =  {0.7357588823428851}
Relative error = {6.035798146750804e-16}
x = [-0.9931285991850949, -0.9639719272779138, -0.912234428251326, -0.8391169718222189, -0.7463319064601508, -0.636053680726515, -0.5108670019508271, -0.37370608871541955, -0.2277858511416451, -0.07652652113349734, 0.07652652113349734, 0.2277858511416451, 0.37370608871541955, 0.5108670019508271, 0.636053680726515, 0.7463319064601508, 0.8391169718222189, 0.912234428251326, 0.9639719272779138, 0.9931285991850949]
w = [0.017614007139152264, 0.04060142980038705, 0.06267204833410904, 0.08327674157670474, 0.10193011981724048, 0.11819453196151831, 0.1316886384491766, 0.1420961093183819, 0.14917298647260382, 0.15275338713072598, 0.15275338713072598, 0.14917298647260382, 0.1420961093183819, 0.1316886384491766, 0.11819453196151831, 0.10193011981724048, 0.08327674157670474, 0.06267204833410904, 0.04060142980038705, 0.017614007139152264]
sum =  {0.7357588823428851}
Relative error = {6.035798146750804e-16}
x = [-0.9931285991850949, -0.9639719272779138, -0.912234428251326, -0.8391169718222189, -0.7463319064601508, -0.636053680726515, -0.5108670019508271, -0.37370608871541955, -0.2277858511416451, -0.07652652113349734, 0.07652652113349734, 0.2277858511416451, 0.37370608871541955, 0.5108670019508271, 0.636053680726515, 0.7463319064601508, 0.8391169718222189, 0.912234428251326, 0.9639719272779138, 0.9931285991850949]
w = [0.017614007139152264, 0.04060142980038705, 0.06267204833410904, 0.08327674157670474, 0.10193011981724048, 0.11819453196151831, 0.1316886384491766, 0.1420961093183819, 0.14917298647260382, 0.15275338713072598, 0.15275338713072598, 0.14917298647260382, 0.1420961093183819, 0.1316886384491766, 0.11819453196151831, 0.10193011981724048, 0.08327674157670474, 0.06267204833410904, 0.04060142980038705, 0.017614007139152264]
sum =  {0.7357588823428851}
Relative error = {6.035798146750804e-16}
x = [-0.9931285991850949, -0.9639719272779138, -0.912234428251326, -0.8391169718222189, -0.7463319064601508, -0.636053680726515, -0.5108670019508271, -0.37370608871541955, -0.2277858511416451, -0.07652652113349734, 0.07652652113349734, 0.2277858511416451, 0.37370608871541955, 0.5108670019508271, 0.636053680726515, 0.7463319064601508, 0.8391169718222189, 0.912234428251326, 0.9639719272779138, 0.9931285991850949]
w = [0.017614007139152264, 0.04060142980038705, 0.06267204833410904, 0.08327674157670474, 0.10193011981724048, 0.11819453196151831, 0.1316886384491766, 0.1420961093183819, 0.14917298647260382, 0.15275338713072598, 0.15275338713072598, 0.14917298647260382, 0.1420961093183819, 0.1316886384491766, 0.11819453196151831, 0.10193011981724048, 0.08327674157670474, 0.06267204833410904, 0.04060142980038705, 0.017614007139152264]
sum =  {0.7357588823428851}
Relative error = {6.035798146750804e-16}
x = [-0.9931285991850949, -0.9639719272779138, -0.912234428251326, -0.8391169718222189, -0.7463319064601508, -0.636053680726515, -0.5108670019508271, -0.37370608871541955, -0.2277858511416451, -0.07652652113349734, 0.07652652113349734, 0.2277858511416451, 0.37370608871541955, 0.5108670019508271, 0.636053680726515, 0.7463319064601508, 0.8391169718222189, 0.912234428251326, 0.9639719272779138, 0.9931285991850949]
w = [0.017614007139152264, 0.04060142980038705, 0.06267204833410904, 0.08327674157670474, 0.10193011981724048, 0.11819453196151831, 0.1316886384491766, 0.1420961093183819, 0.14917298647260382, 0.15275338713072598, 0.15275338713072598, 0.14917298647260382, 0.1420961093183819, 0.1316886384491766, 0.11819453196151831, 0.10193011981724048, 0.08327674157670474, 0.06267204833410904, 0.04060142980038705, 0.017614007139152264]
sum =  {0.7357588823428851}
Relative error = {6.035798146750804e-16}
x = [-0.9931285991850949, -0.9639719272779138, -0.912234428251326, -0.8391169718222189, -0.7463319064601508, -0.636053680726515, -0.5108670019508271, -0.37370608871541955, -0.2277858511416451, -0.07652652113349734, 0.07652652113349734, 0.2277858511416451, 0.37370608871541955, 0.5108670019508271, 0.636053680726515, 0.7463319064601508, 0.8391169718222189, 0.912234428251326, 0.9639719272779138, 0.9931285991850949]
w = [0.017614007139152264, 0.04060142980038705, 0.06267204833410904, 0.08327674157670474, 0.10193011981724048, 0.11819453196151831, 0.1316886384491766, 0.1420961093183819, 0.14917298647260382, 0.15275338713072598, 0.15275338713072598, 0.14917298647260382, 0.1420961093183819, 0.1316886384491766, 0.11819453196151831, 0.10193011981724048, 0.08327674157670474, 0.06267204833410904, 0.04060142980038705, 0.017614007139152264]
sum =  {0.7357588823428851}
Relative error = {6.035798146750804e-16}
x = [-0.9931285991850949, -0.9639719272779138, -0.912234428251326, -0.8391169718222189, -0.7463319064601508, -0.636053680726515, -0.5108670019508271, -0.37370608871541955, -0.2277858511416451, -0.07652652113349734, 0.07652652113349734, 0.2277858511416451, 0.37370608871541955, 0.5108670019508271, 0.636053680726515, 0.7463319064601508, 0.8391169718222189, 0.912234428251326, 0.9639719272779138, 0.9931285991850949]
w = [0.017614007139152264, 0.04060142980038705, 0.06267204833410904, 0.08327674157670474, 0.10193011981724048, 0.11819453196151831, 0.1316886384491766, 0.1420961093183819, 0.14917298647260382, 0.15275338713072598, 0.15275338713072598, 0.14917298647260382, 0.1420961093183819, 0.1316886384491766, 0.11819453196151831, 0.10193011981724048, 0.08327674157670474, 0.06267204833410904, 0.04060142980038705, 0.017614007139152264]
sum =  {0.7357588823428851}
Relative error = {6.035798146750804e-16}
x = [-0.9931285991850949, -0.9639719272779138, -0.912234428251326, -0.8391169718222189, -0.7463319064601508, -0.636053680726515, -0.5108670019508271, -0.37370608871541955, -0.2277858511416451, -0.07652652113349734, 0.07652652113349734, 0.2277858511416451, 0.37370608871541955, 0.5108670019508271, 0.636053680726515, 0.7463319064601508, 0.8391169718222189, 0.912234428251326, 0.9639719272779138, 0.9931285991850949]
w = [0.017614007139152264, 0.04060142980038705, 0.06267204833410904, 0.08327674157670474, 0.10193011981724048, 0.11819453196151831, 0.1316886384491766, 0.1420961093183819, 0.14917298647260382, 0.15275338713072598, 0.15275338713072598, 0.14917298647260382, 0.1420961093183819, 0.1316886384491766, 0.11819453196151831, 0.10193011981724048, 0.08327674157670474, 0.06267204833410904, 0.04060142980038705, 0.017614007139152264]
sum =  {0.7357588823428851}
Relative error = {6.035798146750804e-16}
x = [-0.9931285991850949, -0.9639719272779138, -0.912234428251326, -0.8391169718222189, -0.7463319064601508, -0.636053680726515, -0.5108670019508271, -0.37370608871541955, -0.2277858511416451, -0.07652652113349734, 0.07652652113349734, 0.2277858511416451, 0.37370608871541955, 0.5108670019508271, 0.636053680726515, 0.7463319064601508, 0.8391169718222189, 0.912234428251326, 0.9639719272779138, 0.9931285991850949]
w = [0.017614007139152264, 0.04060142980038705, 0.06267204833410904, 0.08327674157670474, 0.10193011981724048, 0.11819453196151831, 0.1316886384491766, 0.1420961093183819, 0.14917298647260382, 0.15275338713072598, 0.15275338713072598, 0.14917298647260382, 0.1420961093183819, 0.1316886384491766, 0.11819453196151831, 0.10193011981724048, 0.08327674157670474, 0.06267204833410904, 0.04060142980038705, 0.017614007139152264]
sum =  {0.7357588823428851}
Relative error = {6.035798146750804e-16}
x = [-0.9931285991850949, -0.9639719272779138, -0.912234428251326, -0.8391169718222189, -0.7463319064601508, -0.636053680726515, -0.5108670019508271, -0.37370608871541955, -0.2277858511416451, -0.07652652113349734, 0.07652652113349734, 0.2277858511416451, 0.37370608871541955, 0.5108670019508271, 0.636053680726515, 0.7463319064601508, 0.8391169718222189, 0.912234428251326, 0.9639719272779138, 0.9931285991850949]
w = [0.017614007139152264, 0.04060142980038705, 0.06267204833410904, 0.08327674157670474, 0.10193011981724048, 0.11819453196151831, 0.1316886384491766, 0.1420961093183819, 0.14917298647260382, 0.15275338713072598, 0.15275338713072598, 0.14917298647260382, 0.1420961093183819, 0.1316886384491766, 0.11819453196151831, 0.10193011981724048, 0.08327674157670474, 0.06267204833410904, 0.04060142980038705, 0.017614007139152264]
sum =  {0.7357588823428851}
Relative error = {6.035798146750804e-16}
x = [-0.9931285991850949, -0.9639719272779138, -0.912234428251326, -0.8391169718222189, -0.7463319064601508, -0.636053680726515, -0.5108670019508271, -0.37370608871541955, -0.2277858511416451, -0.07652652113349734, 0.07652652113349734, 0.2277858511416451, 0.37370608871541955, 0.5108670019508271, 0.636053680726515, 0.7463319064601508, 0.8391169718222189, 0.912234428251326, 0.9639719272779138, 0.9931285991850949]
w = [0.017614007139152264, 0.04060142980038705, 0.06267204833410904, 0.08327674157670474, 0.10193011981724048, 0.11819453196151831, 0.1316886384491766, 0.1420961093183819, 0.14917298647260382, 0.15275338713072598, 0.15275338713072598, 0.14917298647260382, 0.1420961093183819, 0.1316886384491766, 0.11819453196151831, 0.10193011981724048, 0.08327674157670474, 0.06267204833410904, 0.04060142980038705, 0.017614007139152264]
sum =  {0.7357588823428851}
Relative error = {6.035798146750804e-16}
x = [-0.9931285991850949, -0.9639719272779138, -0.912234428251326, -0.8391169718222189, -0.7463319064601508, -0.636053680726515, -0.5108670019508271, -0.37370608871541955, -0.2277858511416451, -0.07652652113349734, 0.07652652113349734, 0.2277858511416451, 0.37370608871541955, 0.5108670019508271, 0.636053680726515, 0.7463319064601508, 0.8391169718222189, 0.912234428251326, 0.9639719272779138, 0.9931285991850949]
w = [0.017614007139152264, 0.04060142980038705, 0.06267204833410904, 0.08327674157670474, 0.10193011981724048, 0.11819453196151831, 0.1316886384491766, 0.1420961093183819, 0.14917298647260382, 0.15275338713072598, 0.15275338713072598, 0.14917298647260382, 0.1420961093183819, 0.1316886384491766, 0.11819453196151831, 0.10193011981724048, 0.08327674157670474, 0.06267204833410904, 0.04060142980038705, 0.017614007139152264]
sum =  {0.7357588823428851}
Relative error = {6.035798146750804e-16}
x = [-0.9931285991850949, -0.9639719272779138, -0.912234428251326, -0.8391169718222189, -0.7463319064601508, -0.636053680726515, -0.5108670019508271, -0.37370608871541955, -0.2277858511416451, -0.07652652113349734, 0.07652652113349734, 0.2277858511416451, 0.37370608871541955, 0.5108670019508271, 0.636053680726515, 0.7463319064601508, 0.8391169718222189, 0.912234428251326, 0.9639719272779138, 0.9931285991850949]
w = [0.017614007139152264, 0.04060142980038705, 0.06267204833410904, 0.08327674157670474, 0.10193011981724048, 0.11819453196151831, 0.1316886384491766, 0.1420961093183819, 0.14917298647260382, 0.15275338713072598, 0.15275338713072598, 0.14917298647260382, 0.1420961093183819, 0.1316886384491766, 0.11819453196151831, 0.10193011981724048, 0.08327674157670474, 0.06267204833410904, 0.04060142980038705, 0.017614007139152264]
sum =  {0.7357588823428851}
Relative error = {6.035798146750804e-16}
x = [-0.9931285991850949, -0.9639719272779138, -0.912234428251326, -0.8391169718222189, -0.7463319064601508, -0.636053680726515, -0.5108670019508271, -0.37370608871541955, -0.2277858511416451, -0.07652652113349734, 0.07652652113349734, 0.2277858511416451, 0.37370608871541955, 0.5108670019508271, 0.636053680726515, 0.7463319064601508, 0.8391169718222189, 0.912234428251326, 0.9639719272779138, 0.9931285991850949]
w = [0.017614007139152264, 0.04060142980038705, 0.06267204833410904, 0.08327674157670474, 0.10193011981724048, 0.11819453196151831, 0.1316886384491766, 0.1420961093183819, 0.14917298647260382, 0.15275338713072598, 0.15275338713072598, 0.14917298647260382, 0.1420961093183819, 0.1316886384491766, 0.11819453196151831, 0.10193011981724048, 0.08327674157670474, 0.06267204833410904, 0.04060142980038705, 0.017614007139152264]
sum =  {0.7357588823428851}
Relative error = {6.035798146750804e-16}
x = [-0.9931285991850949, -0.9639719272779138, -0.912234428251326, -0.8391169718222189, -0.7463319064601508, -0.636053680726515, -0.5108670019508271, -0.37370608871541955, -0.2277858511416451, -0.07652652113349734, 0.07652652113349734, 0.2277858511416451, 0.37370608871541955, 0.5108670019508271, 0.636053680726515, 0.7463319064601508, 0.8391169718222189, 0.912234428251326, 0.9639719272779138, 0.9931285991850949]
w = [0.017614007139152264, 0.04060142980038705, 0.06267204833410904, 0.08327674157670474, 0.10193011981724048, 0.11819453196151831, 0.1316886384491766, 0.1420961093183819, 0.14917298647260382, 0.15275338713072598, 0.15275338713072598, 0.14917298647260382, 0.1420961093183819, 0.1316886384491766, 0.11819453196151831, 0.10193011981724048, 0.08327674157670474, 0.06267204833410904, 0.04060142980038705, 0.017614007139152264]
sum =  {0.7357588823428851}
Relative error = {6.035798146750804e-16}
x = [-0.9931285991850949, -0.9639719272779138, -0.912234428251326, -0.8391169718222189, -0.7463319064601508, -0.636053680726515, -0.5108670019508271, -0.37370608871541955, -0.2277858511416451, -0.07652652113349734, 0.07652652113349734, 0.2277858511416451, 0.37370608871541955, 0.5108670019508271, 0.636053680726515, 0.7463319064601508, 0.8391169718222189, 0.912234428251326, 0.9639719272779138, 0.9931285991850949]
w = [0.017614007139152264, 0.04060142980038705, 0.06267204833410904, 0.08327674157670474, 0.10193011981724048, 0.11819453196151831, 0.1316886384491766, 0.1420961093183819, 0.14917298647260382, 0.15275338713072598, 0.15275338713072598, 0.14917298647260382, 0.1420961093183819, 0.1316886384491766, 0.11819453196151831, 0.10193011981724048, 0.08327674157670474, 0.06267204833410904, 0.04060142980038705, 0.017614007139152264]
sum =  {0.7357588823428851}
Relative error = {6.035798146750804e-16}
x = [-0.9931285991850949, -0.9639719272779138, -0.912234428251326, -0.8391169718222189, -0.7463319064601508, -0.636053680726515, -0.5108670019508271, -0.37370608871541955, -0.2277858511416451, -0.07652652113349734, 0.07652652113349734, 0.2277858511416451, 0.37370608871541955, 0.5108670019508271, 0.636053680726515, 0.7463319064601508, 0.8391169718222189, 0.912234428251326, 0.9639719272779138, 0.9931285991850949]
w = [0.017614007139152264, 0.04060142980038705, 0.06267204833410904, 0.08327674157670474, 0.10193011981724048, 0.11819453196151831, 0.1316886384491766, 0.1420961093183819, 0.14917298647260382, 0.15275338713072598, 0.15275338713072598, 0.14917298647260382, 0.1420961093183819, 0.1316886384491766, 0.11819453196151831, 0.10193011981724048, 0.08327674157670474, 0.06267204833410904, 0.04060142980038705, 0.017614007139152264]
sum =  {0.7357588823428851}
Relative error = {6.035798146750804e-16}
x = [-0.9931285991850949, -0.9639719272779138, -0.912234428251326, -0.8391169718222189, -0.7463319064601508, -0.636053680726515, -0.5108670019508271, -0.37370608871541955, -0.2277858511416451, -0.07652652113349734, 0.07652652113349734, 0.2277858511416451, 0.37370608871541955, 0.5108670019508271, 0.636053680726515, 0.7463319064601508, 0.8391169718222189, 0.912234428251326, 0.9639719272779138, 0.9931285991850949]
w = [0.017614007139152264, 0.04060142980038705, 0.06267204833410904, 0.08327674157670474, 0.10193011981724048, 0.11819453196151831, 0.1316886384491766, 0.1420961093183819, 0.14917298647260382, 0.15275338713072598, 0.15275338713072598, 0.14917298647260382, 0.1420961093183819, 0.1316886384491766, 0.11819453196151831, 0.10193011981724048, 0.08327674157670474, 0.06267204833410904, 0.04060142980038705, 0.017614007139152264]
sum =  {0.7357588823428851}
Relative error = {6.035798146750804e-16}
x = [-0.9931285991850949, -0.9639719272779138, -0.912234428251326, -0.8391169718222189, -0.7463319064601508, -0.636053680726515, -0.5108670019508271, -0.37370608871541955, -0.2277858511416451, -0.07652652113349734, 0.07652652113349734, 0.2277858511416451, 0.37370608871541955, 0.5108670019508271, 0.636053680726515, 0.7463319064601508, 0.8391169718222189, 0.912234428251326, 0.9639719272779138, 0.9931285991850949]
w = [0.017614007139152264, 0.04060142980038705, 0.06267204833410904, 0.08327674157670474, 0.10193011981724048, 0.11819453196151831, 0.1316886384491766, 0.1420961093183819, 0.14917298647260382, 0.15275338713072598, 0.15275338713072598, 0.14917298647260382, 0.1420961093183819, 0.1316886384491766, 0.11819453196151831, 0.10193011981724048, 0.08327674157670474, 0.06267204833410904, 0.04060142980038705, 0.017614007139152264]
sum =  {0.7357588823428851}
Relative error = {6.035798146750804e-16}
Quadrature no.	Integration Result	Percent error	Run time (s)
1	0.000000	100.000000	0.000029
2	0.704326	4.272184	0.000028
3	0.735362	0.053922	0.000040
4	0.735757	0.000323	0.000041
5	0.735759	0.000001	0.000061
6	0.735759	0.000000	0.000060
7	0.735759	0.000000	0.000082
8	0.735759	0.000000	0.000060
9	0.735759	0.000000	0.000102
10	0.735759	0.000000	0.000098
11	0.735759	0.000000	0.000128
12	0.735759	0.000000	0.000139
13	0.735759	0.000000	0.000149
14	0.735759	0.000000	0.000164
15	0.735759	0.000000	0.000168
16	0.735759	0.000000	0.000203
17	0.735759	0.000000	0.000230
18	0.735759	0.000000	0.000235
19	0.735759	0.000000	0.000252
20	0.735759	0.000000	0.000278
Total execution time: 0.002050 seconds
